Date,Open,High,Low,Close,Adj Close,Volume
2021-11-23,9.950000,10.350000,9.910000,10.290000,5.648014,26624900
2021-11-24,10.220000,10.500000,10.180000,10.480000,5.752302,20753100
2021-11-26,10.600000,10.600000,10.250000,10.470000,5.746814,30237100
2021-11-29,10.710000,10.880000,10.450000,10.810000,5.933435,31877100
2021-11-30,10.700000,10.840000,10.440000,10.670000,5.856591,34344900
2021-12-01,11.000000,11.140000,10.630000,10.640000,5.840124,37496000
2021-12-02,9.620000,10.500000,9.580000,10.470000,6.458868,53022100
2021-12-03,10.590000,10.690000,10.380000,10.630000,6.557570,45500600
2021-12-06,10.670000,10.830000,10.570000,10.750000,6.631597,32820600
2021-12-07,10.880000,11.170000,10.820000,11.150000,6.878354,36297200
2021-12-08,11.310000,11.430000,11.250000,11.310000,6.977057,35445000
2021-12-09,11.050000,11.220000,11.020000,11.200000,6.909198,18557900
2021-12-10,11.230000,11.310000,11.150000,11.270000,6.952382,13605100
2021-12-13,11.270000,11.310000,10.980000,11.050000,6.816666,20998100
2021-12-14,11.140000,11.270000,10.870000,10.890000,6.717963,21008600
2021-12-15,10.810000,10.910000,10.660000,10.870000,6.705625,21843400
2021-12-16,11.090000,11.270000,11.030000,11.110000,6.853678,27798100
2021-12-17,10.920000,10.980000,10.760000,10.790000,6.656272,20468400
2021-12-20,10.420000,10.640000,10.390000,10.580000,6.526725,29264700
2021-12-21,10.720000,10.770000,10.550000,10.570000,6.520556,23557300
2021-12-22,10.540000,10.750000,10.500000,10.700000,6.600752,18132300
2021-12-23,10.720000,10.850000,10.600000,10.790000,6.656272,20405100
2021-12-27,10.800000,11.110000,10.700000,11.080000,6.835172,21628900
2021-12-28,11.060000,11.160000,11.020000,11.100000,6.847510,15797700
2021-12-29,10.980000,11.090000,10.830000,10.900000,6.724131,20433000
2021-12-30,11.030000,11.180000,10.990000,10.990000,6.779651,19316200
2021-12-31,11.060000,11.080000,10.960000,10.980000,6.773482,10765100
2022-01-03,11.020000,11.220000,10.970000,11.150000,6.878354,20664900
2022-01-04,11.070000,11.390000,11.060000,11.280000,6.958550,24812500
2022-01-05,11.220000,11.290000,10.720000,10.730000,6.619259,34076900
2022-01-06,10.980000,11.080000,10.770000,10.830000,6.680948,25474500
2022-01-07,10.840000,11.050000,10.820000,11.010000,6.791989,22490800
2022-01-10,10.930000,10.980000,10.720000,10.830000,6.680948,30335200
2022-01-11,10.920000,11.590000,10.890000,11.580000,7.143618,42595400
2022-01-12,11.720000,12.070000,11.700000,12.020000,7.415051,49174800
2022-01-13,12.150000,12.540000,12.140000,12.300000,7.587780,53631500
2022-01-14,12.280000,12.620000,12.200000,12.610000,7.779017,39166400
2022-01-18,12.570000,12.650000,12.140000,12.460000,7.686483,41079300
2022-01-19,12.660000,12.880000,12.570000,12.610000,7.779017,33856700
2022-01-20,12.780000,12.930000,12.620000,12.650000,7.803693,37785700
2022-01-21,12.680000,12.890000,12.630000,12.670000,7.816031,30354200
2022-01-24,12.520000,12.650000,12.100000,12.640000,7.797525,45880700
2022-01-25,12.570000,13.270000,12.450000,13.160000,8.118308,49105600
2022-01-26,13.430000,13.850000,13.380000,13.610000,8.395909,62929300
2022-01-27,13.950000,13.990000,13.500000,13.780000,8.500782,46722900
2022-01-28,13.780000,14.060000,13.180000,13.380000,8.254025,52073800
2022-01-31,13.280000,13.460000,13.090000,13.350000,8.235519,34129500
2022-02-01,13.240000,13.880000,13.240000,13.850000,8.543965,31445300
2022-02-02,13.680000,13.680000,13.340000,13.530000,8.346559,24897600
2022-02-03,13.250000,13.420000,13.110000,13.340000,8.229350,33698400
2022-02-04,13.520000,13.760000,13.380000,13.560000,8.365066,32862600
2022-02-07,13.470000,13.650000,13.340000,13.560000,8.365066,24239600
2022-02-08,13.290000,13.330000,13.080000,13.300000,8.204673,45302000
2022-02-09,13.430000,13.670000,13.330000,13.420000,8.278701,27741800
2022-02-10,13.490000,13.920000,13.490000,13.590000,8.383573,30712200
2022-02-11,13.750000,14.310000,13.670000,14.190000,8.753708,44724900
2022-02-14,14.180000,14.210000,13.790000,13.980000,8.624161,35718100
2022-02-15,13.720000,13.780000,13.470000,13.770000,8.494614,27568600
2022-02-16,14.040000,14.440000,14.030000,14.210000,8.766047,30170000
2022-02-17,14.070000,14.140000,13.870000,13.970000,8.617992,21535700
2022-02-18,13.960000,14.050000,13.800000,14.010000,8.642668,24577200
2022-02-22,14.710000,14.720000,14.140000,14.320000,8.833904,39064300
2022-02-23,14.620000,14.690000,14.410000,14.560000,8.981959,40071500
2022-02-24,14.630000,14.670000,13.570000,13.950000,8.605654,54054500
2022-02-25,13.860000,14.200000,13.720000,14.190000,8.753708,37419400
2022-02-28,14.140000,14.340000,13.940000,14.290000,8.815397,31919700
2022-03-01,14.270000,15.100000,14.260000,14.680000,9.055985,51834900
2022-03-02,14.950000,15.120000,14.460000,14.680000,9.055985,42679500
2022-03-03,14.650000,15.080000,14.620000,14.800000,9.130013,28176700
2022-03-04,14.690000,14.690000,14.270000,14.510000,8.951114,35690900
2022-03-07,14.500000,14.520000,13.260000,13.360000,8.241688,67666100
2022-03-08,13.810000,13.850000,13.250000,13.710000,8.457599,48377100
2022-03-09,13.800000,13.980000,13.610000,13.860000,8.550134,28818300
2022-03-10,13.820000,14.250000,13.740000,14.170000,8.741370,35434300
2022-03-11,14.190000,14.240000,13.670000,13.760000,8.488445,42727400
2022-03-14,13.720000,13.830000,13.290000,13.480000,8.315714,25360300
2022-03-15,13.090000,13.240000,12.750000,13.070000,8.062788,27489000
2022-03-16,13.190000,13.270000,12.940000,13.260000,8.179998,26765600
2022-03-17,13.150000,13.300000,12.660000,13.020000,8.031943,44397100
2022-03-18,13.060000,13.350000,12.930000,13.260000,8.179998,31191100
2022-03-21,13.560000,13.960000,13.520000,13.800000,8.513121,28004800
2022-03-22,14.010000,14.010000,13.580000,13.750000,8.482275,22982300
2022-03-23,13.980000,14.450000,13.940000,14.190000,8.753708,29392800
2022-03-24,14.170000,14.560000,14.050000,14.460000,8.920269,22399200
2022-03-25,14.480000,14.840000,14.430000,14.690000,9.062154,20020200
2022-03-28,14.240000,14.340000,14.040000,14.180000,8.747540,35117600
2022-03-29,14.520000,14.650000,14.180000,14.490000,8.938776,40652100
2022-03-30,14.600000,14.750000,14.500000,14.670000,9.049816,29211400
2022-03-31,14.510000,14.990000,14.510000,14.800000,9.130013,30413700
2022-04-01,14.990000,15.220000,14.890000,15.100000,9.315082,27697100
2022-04-04,15.100000,15.190000,14.870000,15.150000,9.345924,26067000
2022-04-05,15.080000,15.330000,14.880000,14.910000,9.197870,28140800
2022-04-06,14.960000,15.070000,14.630000,14.780000,9.117674,26711400
2022-04-07,14.920000,15.500000,14.920000,15.430000,9.518655,29397000
2022-04-08,15.390000,15.740000,15.280000,15.690000,9.679048,26444300
2022-04-11,15.690000,15.690000,15.420000,15.550000,9.592683,20950800
2022-04-12,15.950000,15.990000,15.630000,15.660000,9.660541,29529600
2022-04-13,15.840000,16.090000,15.710000,15.960000,9.845609,32413000
2022-04-14,14.680000,14.930000,14.530000,14.710000,9.824903,42065300
2022-04-18,14.710000,14.810000,14.560000,14.660000,9.791508,27350000
2022-04-19,14.740000,15.060000,14.590000,14.900000,9.951805,19633500
2022-04-20,14.950000,15.200000,14.780000,15.160000,10.125462,18373900
2022-04-21,15.200000,15.240000,14.420000,14.580000,9.738075,25522000
2022-04-22,14.540000,14.560000,13.840000,13.880000,9.270541,28323800
2022-04-25,13.430000,13.750000,13.150000,13.630000,9.103565,29705500
2022-04-26,13.470000,13.620000,13.190000,13.260000,8.856440,30238800
2022-04-27,13.300000,13.470000,13.150000,13.310000,8.889835,23975800
2022-04-28,13.420000,13.590000,13.220000,13.510000,9.023416,16601900
2022-04-29,13.960000,14.300000,13.560000,13.570000,9.063490,33158100
2022-05-02,13.200000,13.260000,12.730000,13.010000,8.689463,41391500
2022-05-03,13.090000,13.390000,13.040000,13.310000,8.889835,37905200
2022-05-04,13.380000,14.090000,13.160000,14.010000,9.357368,34501700
2022-05-05,14.000000,14.020000,13.250000,13.650000,9.116922,41869500
2022-05-06,13.800000,14.220000,13.410000,14.080000,9.404122,37991300
2022-05-09,13.760000,13.770000,13.200000,13.240000,8.843081,42898700
2022-05-10,13.470000,13.620000,13.240000,13.460000,8.990021,37395600
2022-05-11,13.790000,14.440000,13.780000,14.080000,9.404122,39065400
2022-05-12,14.070000,14.350000,13.850000,14.120000,9.430839,35733000
2022-05-13,14.240000,14.630000,14.230000,14.510000,9.691322,38489000
2022-05-16,14.560000,14.980000,14.550000,14.850000,9.918410,29493000
2022-05-17,15.110000,15.220000,14.940000,15.160000,10.125462,22947000
2022-05-18,15.060000,15.140000,14.610000,14.750000,9.851620,22708200
2022-05-19,14.870000,15.200000,14.780000,15.070000,10.065350,23754500
2022-05-20,15.210000,15.490000,15.080000,15.420000,10.299117,25960200
2022-05-23,15.790000,16.299999,15.690000,16.260000,10.860158,37523000
2022-05-24,14.390000,14.470000,13.950000,14.230000,10.447543,47042600
2022-05-25,14.250000,14.630000,14.250000,14.550000,10.682484,35194200
2022-05-26,14.550000,14.880000,14.550000,14.800000,10.866033,23802000
2022-05-27,14.510000,14.560000,14.210000,14.260000,10.469568,34337200
2022-05-31,14.170000,14.340000,13.840000,13.880000,10.190576,34374000
2022-06-01,14.000000,14.110000,13.700000,13.830000,10.153866,16872500
2022-06-02,13.800000,13.890000,13.660000,13.750000,10.095131,16046100
2022-06-03,13.650000,14.190000,13.650000,14.180000,10.410833,28694700
2022-06-06,14.250000,14.260000,13.910000,14.020000,10.293363,18413700
2022-06-07,13.950000,14.100000,13.860000,13.900000,10.205259,26784100
2022-06-08,13.920000,14.050000,13.750000,13.790000,10.124499,20700000
2022-06-09,13.680000,13.820000,13.500000,13.510000,9.918925,24629300
2022-06-10,13.060000,13.290000,12.910000,13.210000,9.698668,34411300
2022-06-13,12.760000,12.880000,12.370000,12.590000,9.243469,50334000
2022-06-14,12.920000,12.980000,12.570000,12.710000,9.331573,31282300
2022-06-15,12.860000,12.940000,12.450000,12.760000,9.368281,36820000
2022-06-16,12.410000,12.450000,11.850000,12.080000,8.869032,44575900
2022-06-17,12.090000,12.130000,11.230000,11.610000,8.523961,72525700
2022-06-21,11.730000,11.860000,11.500000,11.550000,8.479910,37478000
2022-06-22,11.280000,11.760000,11.180000,11.450000,8.406491,32909100
2022-06-23,11.600000,11.650000,10.990000,11.100000,8.149524,31107300
2022-06-24,11.260000,11.340000,10.920000,10.950000,8.039395,28032500
2022-06-27,11.210000,11.860000,11.160000,11.780000,8.648774,41058600
2022-06-28,12.140000,12.210000,11.770000,11.890000,8.729535,27676300
2022-06-29,12.080000,12.190000,11.780000,11.830000,8.685483,26189100
2022-06-30,11.590000,11.800000,11.450000,11.680000,8.575355,29035700
2022-07-01,11.530000,11.790000,11.220000,11.760000,8.634090,35391700
2022-07-05,11.450000,11.490000,11.000000,11.340000,8.325730,33996100
2022-07-06,11.180000,11.240000,10.750000,11.100000,8.149524,24208300
2022-07-07,11.460000,11.660000,11.460000,11.560000,8.487252,20206800
2022-07-08,11.800000,11.870000,11.580000,11.790000,8.656116,16868800
2022-07-11,11.580000,11.690000,11.470000,11.550000,8.479910,30857100
2022-07-12,11.250000,11.380000,11.170000,11.230000,8.244968,18786100
2022-07-13,11.170000,11.500000,11.140000,11.340000,8.325730,22946600
2022-07-14,10.930000,11.030000,10.750000,10.900000,8.002686,26475800
2022-07-15,10.980000,11.240000,10.920000,11.230000,8.244968,17739200
2022-07-18,11.440000,11.670000,11.430000,11.470000,8.421175,19365800
2022-07-19,11.550000,11.800000,11.550000,11.660000,8.560671,16166200
2022-07-20,11.650000,11.770000,11.520000,11.630000,8.538646,20702400
2022-07-21,11.340000,11.490000,11.120000,11.470000,8.421175,21380300
2022-07-22,11.560000,11.720000,11.510000,11.640000,8.545988,21128700
2022-07-25,11.950000,12.390000,11.870000,12.390000,9.096631,26161600
2022-07-26,12.670000,12.790000,12.410000,12.610000,9.258152,21026800
2022-07-27,12.730000,12.960000,12.460000,12.950000,9.507778,30888400
2022-07-28,13.270000,13.480000,12.930000,13.390000,9.830822,36476600
2022-07-29,13.910000,14.440000,13.910000,14.280000,10.484252,45111800
2022-08-01,14.080000,14.340000,13.890000,14.100000,10.352098,32740800
2022-08-02,14.040000,14.200000,13.810000,13.840000,10.161208,25736900
2022-08-03,13.910000,13.980000,13.700000,13.760000,10.102473,22954700
2022-08-04,13.850000,14.200000,13.620000,14.150000,10.388807,29549500
2022-08-05,14.000000,14.550000,13.980000,14.450000,10.609065,26415700
2022-08-08,14.870000,15.370000,14.800000,15.340000,11.262495,41374800
2022-08-09,15.560000,15.660000,15.330000,15.440000,11.335915,33934300
2022-08-10,15.650000,15.730000,15.450000,15.540000,11.409333,52324500
2022-08-11,15.770000,15.830000,15.010000,15.090000,11.078947,54602100
2022-08-12,12.640000,13.720000,12.610000,13.620000,12.071621,63305100
2022-08-15,13.120000,13.860000,13.060000,13.680000,12.124800,43816500
2022-08-16,13.610000,13.760000,13.530000,13.730000,12.169115,21414800
2022-08-17,13.530000,14.100000,13.510000,14.050000,12.452737,30050100
2022-08-18,14.260000,14.410000,14.060000,14.210000,12.594547,22801400
2022-08-19,14.020000,14.060000,13.580000,13.660000,12.107073,32685500
2022-08-22,13.450000,14.010000,13.280000,13.930000,12.346379,30116200
2022-08-23,14.220000,14.660000,14.220000,14.620000,12.957936,35544300
2022-08-24,14.470000,14.890000,14.390000,14.690000,13.019979,28212900
2022-08-25,14.820000,14.830000,14.250000,14.580000,12.922483,43531500
2022-08-26,14.430000,14.760000,14.320000,14.740000,13.064294,23499700
2022-08-29,14.900000,15.450000,14.800000,15.130000,13.409958,29301000
2022-08-30,14.780000,14.840000,14.090000,14.230000,12.612273,39055900
2022-08-31,13.800000,14.450000,13.730000,14.290000,12.665452,44892600
2022-09-01,14.390000,14.500000,14.060000,14.440000,12.798399,27636600
2022-09-02,14.760000,14.880000,14.360000,14.440000,12.798399,26358700
2022-09-06,13.900000,13.930000,13.550000,13.740000,12.177979,30301500
2022-09-07,13.510000,13.910000,13.430000,13.770000,12.204569,22355600
2022-09-08,13.780000,14.060000,13.480000,13.630000,12.080484,26359700
2022-09-09,13.960000,13.960000,13.780000,13.800000,12.231157,21181900
2022-09-12,14.090000,14.160000,13.870000,13.900000,12.319789,23498500
2022-09-13,13.480000,13.650000,13.210000,13.240000,11.734820,31133600
2022-09-14,13.400000,13.600000,13.360000,13.420000,11.894358,20202600
2022-09-15,13.270000,13.410000,13.140000,13.240000,11.734820,20872300
2022-09-16,13.020000,13.140000,12.850000,13.100000,11.610737,27541600
2022-09-19,12.880000,13.620000,12.840000,13.520000,11.982989,26546500
2022-09-20,13.420000,13.690000,13.390000,13.540000,12.000715,23318200
2022-09-21,13.670000,13.730000,13.340000,13.430000,11.903221,25307100
2022-09-22,13.580000,13.920000,13.420000,13.820000,12.248883,25083700
2022-09-23,13.250000,13.280000,12.470000,12.550000,11.123263,43210900
2022-09-26,12.330000,12.480000,12.010000,12.160000,10.777599,39167600
2022-09-27,12.360000,12.510000,12.190000,12.250000,10.857368,28769700
2022-09-28,12.340000,12.350000,11.950000,12.260000,10.866232,37504900
2022-09-29,11.980000,12.230000,11.850000,12.140000,10.759873,33330700
2022-09-30,12.040000,12.600000,12.000000,12.340000,10.937137,36385800
2022-10-03,13.730000,13.950000,13.530000,13.900000,12.319789,63172900
2022-10-04,14.220000,14.250000,13.600000,13.670000,12.115936,34259900
2022-10-05,13.670000,14.230000,13.660000,14.110000,12.505915,29996000
2022-10-06,14.150000,14.510000,14.100000,14.510000,12.860442,30531500
2022-10-07,14.500000,14.750000,14.250000,14.350000,12.718632,30981800
2022-10-10,14.460000,14.630000,14.210000,14.240000,12.621137,24259600
2022-10-11,14.010000,14.340000,13.950000,14.000000,12.408421,27825800
2022-10-12,13.920000,14.010000,13.680000,13.890000,12.310926,21681000
2022-10-13,13.750000,14.750000,13.670000,14.430000,12.789536,41672800
2022-10-14,14.320000,14.360000,13.940000,13.950000,12.364104,28354700
2022-10-17,14.020000,14.300000,13.810000,13.980000,12.390694,33764800
2022-10-18,14.090000,14.390000,13.870000,14.350000,12.718632,29747100
2022-10-19,14.350000,14.890000,14.330000,14.870000,13.179515,34953100
2022-10-20,15.180000,15.440000,15.090000,15.440000,13.684715,35179500
2022-10-21,15.390000,16.320000,15.330000,16.049999,14.225368,57591800
2022-10-24,15.370000,15.430000,14.120000,14.190000,12.576820,60590800
2022-10-25,13.970000,14.230000,13.810000,13.920000,12.337516,33885800
2022-10-26,13.320000,13.910000,13.270000,13.530000,11.991852,45635700
2022-10-27,13.680000,13.990000,13.590000,13.690000,12.133662,37745700
2022-10-28,13.490000,13.590000,13.270000,13.450000,11.920947,49455500
2022-10-31,12.500000,13.290000,12.490000,12.820000,11.362568,98105300
2022-11-01,12.960000,13.280000,12.790000,13.030000,11.548695,60920100
2022-11-02,13.020000,13.150000,12.740000,12.750000,11.300526,27093000
2022-11-03,12.730000,13.290000,12.720000,13.050000,11.566421,50444200
2022-11-04,13.510000,13.560000,12.480000,12.650000,11.211894,84350500
2022-11-07,12.450000,12.620000,11.800000,11.860000,10.511704,60305600
2022-11-08,11.910000,11.970000,11.620000,11.910000,10.556021,37010100
2022-11-09,11.880000,11.980000,11.560000,11.600000,10.281263,26882400
2022-11-10,11.110000,11.310000,10.820000,11.010000,9.758337,55673800
2022-11-11,11.120000,11.700000,11.080000,11.560000,10.245811,49223800
2022-11-14,11.700000,12.070000,11.660000,11.900000,10.547157,33344400
2022-11-15,12.190000,12.230000,11.820000,11.970000,10.609200,24813100
2022-11-16,11.830000,11.940000,11.480000,11.580000,10.263536,35343800
2022-11-17,11.280000,11.510000,11.180000,11.460000,10.157179,33379600
2022-11-18,11.300000,11.480000,11.180000,11.350000,10.059684,50704400
2022-11-21,11.450000,11.510000,11.010000,11.400000,10.103999,42926600
2022-11-22,9.780000,10.160000,9.560000,10.160000,10.160000,83806300
